-0.15485346649582737
0.2849330668911401
-1.2160435790325361
-1.4060688682992666
-0.5134783100163469
0.1854493531229715
1.4125692737942923
0.9433772855879222
1.1387542420618377
-1.6570264436988222
-0.9469137074948282
0.22578609891524667
1.3393804899911321
0.15245792674383396
-0.6554156270792338
0.31508054881716296
-0.6383732094630391
0.8011450005454889
-0.7141788811092014
-1.1485249703493823
0.5535148788431432
0.4430267835366972
-0.3048985616237646
-0.755781979704616
-0.712041125660804
0.2898652524498443
-2.0566753064987497
-0.6214120457894496
1.0742684018355184
1.407559969872702
0.45986081450632454
0.05062798510347086
-0.3287209795470557
1.9786843578833835
0.18378890485569355
-1.6874207025775212
0.03629737774168177
0.36474925277385384
0.27513149036245793
0.7216906061774004
1.1683982039758267
0.5883314190539196
1.0648143799800112
0.12019179533322312
-0.28306943896802716
1.334847812228939
0.6060499839561174
1.4887023296617836
-1.2577073093398965
0.5605877805815392
-0.16299273677322518
-0.6644596585471709
1.2911140058909296
0.3409926069083846
0.892294133116382
-0.7338192767737439
-0.17969356541253323
-0.6184404934552982
0.5816131599640376
0.3388404102934205
-0.6308087508381458
-1.1009060409693938
1.1472000890474103
-0.4134037208573351
1.2620381946165722
0.6661623462892796
0.3351831521446456
0.8103456342428402
1.1894633606327614
-0.9045381804593482
-1.357738477507017
-2.6208512447169725
1.025231017133721
2.1157834087256355
2.0909719645972196
0.9829055764466105
-0.4737454345743896
1.7146595332510286
0.42492814759501574
0.20751387363624954
0.06668716429185927
-1.7869142276699674
0.5763939345331739
-1.9063182533103076
1.59715798354443
0.873788567904029
-1.1539253281059405
0.5703653063144054
0.9230658791079946
-0.8394548574877425
0.7556618768447569
-1.5602074164387105
0.9037465781786007
-0.585022262631295
-0.8863104566163155
-1.5506058399159974
1.0828393302910992
-0.2981210578238929
0.04167101303614007
-1.5679398853734197
0.11913390367650034
-0.43638933584088385
1.0529453953725347
-0.278773210246727
-0.20025865559802003
-0.2586692912437327
1.0016738418851932
-0.20787570773109115
-1.2918890003544363
1.4217684027228947
-0.3690067428359972
-1.3948022988922821
1.0684433635167512
1.18588054982915
-0.0881561781194829
-0.9013082501187859
-0.146455280901316
0.20866971433585796
-0.7606071564999013
-1.9541870973041473
0.9056858452110935
0.15771229305875425
0.24918677942013467
-1.0805586635716944
0.7414436281347293
-1.2076440546862284
1.2040650738898133
-0.6170398735518601
-0.6839188146534558
-1.3097226857454918
-1.2336932989783118
0.11460229422026029
0.986702181987811
0.921040246044555
-2.2998090688568262
0.8454072164413857
0.8482883508334614
-0.7880933497173657
0.14397942464458038
1.8848888460219035
2.327117113789211
0.020012858061877112
-0.05435442949531925
-0.08546653124745172
-1.5274716042392846
-0.8514559605781897
-0.3788957900421112
1.7692652554736652
-0.29934960810236844
-0.43142673762344597
-0.4126501365718456
-0.5101179488651588
-1.2583653810356707
-0.45456950426399084
0.6886802846938269
-0.0635365104339745
0.27016335132223707
-0.31191131281076284
-1.2677449902819087
2.0952511777014244
2.4252291820622847
2.0881342149525692
0.9407335397234968
1.3541998176444443
-1.3659390424951814
1.6186583520467186
1.778258863233085
1.2632985085973865
0.36830946204455967
-0.8982285732114433
-0.4795856172193797
-0.6551465733710286
1.1107465766370614
0.07085201418087246
-0.16824573264197443
-0.47252597606991
-0.14289280953494757
0.04878948535481908
-1.6807391200999993
1.027556773799934
-0.2825008903330205
1.8433067811221062
1.2066283374653297
-1.1786637205455754
0.09705804305265651
-1.3631391696830915
-0.47287746478030174
-1.6013489851545102
-0.3876755360698863
0.9551750008861902
1.8269970693829236
-0.1481029002733084
1.1876846851922844
-0.24860104983294118
0.5709750077825902
-0.2518697809904165
0.5339525227056237
-1.7286536189340496
0.5794724113083228
1.7674427564444755
0.30553698297024545
-1.070253377193066
1.3659903667031559
0.33443401248357757
1.3423423706172535
-0.4449252627714754
1.353274066850168
-0.2852448243366959
-0.606914505227793
-0.49315414596860246
-0.5637783591349959
-0.8301429617388683
-0.4625803669059631
0.33437371799088056
0.3993118811787093
-0.5031584593280624
-1.0642258186245606
0.6927254576075842
0.7978722653160377
1.0936252286011505
1.7978681767020568
-0.26840852056667824
0.16941780959792735
0.9774773115263108
0.0
0.08746815489441295
-0.5250713319071187
-0.9461423349330953
0.0
-0.09744152693148578
-0.9268900394786153
0.6025091853571131
-1.244516863421825
-0.47595079669985224
1.3939983124590398
0.013976481199444335
0.5080901403652202
-0.4613062946130238
0.6260105200625548
-0.37171056019489956
0.015741536947867237
-1.1122543750424028
0.915772587998602
0.19474497035394073
-1.3656847589216545
0.0784325646700891
1.0448940133338094
0.6987973281787769
-0.1927874557900223
-0.04057276724164383
0.5965141201420892
-0.0566079426427725
1.4141968296535374
0.9429319943265111
0.0
-0.12676898256521907
-1.1156872349992668
1.2476004010055288
-0.20374585066451395
0.019301280899134885
-0.6124107861427293
0.2629054122505305
-0.07763397809565915
-0.14807253451733782
-0.14814999237582263
